1
1
JOGADOR 0 1 2983 388.2 -3.4 4.6 39 0 3 0
ESTRUTURA 101 1 -700 670 0 212.598 CHAO
ESTRUTURA 102 1 -600 670 0 212.598 CHAO
ESTRUTURA 103 1 -500 670 0 212.598 CHAO
ESTRUTURA 104 1 -400 670 0 212.598 CHAO
ESTRUTURA 105 1 -300 670 0 212.598 CHAO
ESTRUTURA 106 1 -200 670 0 212.598 CHAO
ESTRUTURA 107 1 -100 670 0 212.598 CHAO
ESTRUTURA 108 1 0 670 0 212.598 CHAO
ESTRUTURA 109 1 100 670 0 212.598 CHAO
ESTRUTURA 110 1 200 670 0 212.598 CHAO
ESTRUTURA 111 1 300 670 0 212.598 CHAO
ESTRUTURA 112 1 400 670 0 212.598 CHAO
ESTRUTURA 113 1 500 670 0 212.598 CHAO
ESTRUTURA 114 1 600 670 0 212.598 CHAO
ESTRUTURA 115 1 700 670 0 212.598 CHAO
ESTRUTURA 116 1 1800 638 0 212.598 CHAO
ESTRUTURA 117 1 1800 670 0 212.598 CHAO
ESTRUTURA 118 1 1900 670 0 212.598 CHAO
ESTRUTURA 119 1 2000 670 0 212.598 CHAO
ESTRUTURA 120 1 2100 670 0 212.598 CHAO
ESTRUTURA 121 1 2200 670 0 212.598 CHAO
ESTRUTURA 122 1 2300 670 0 212.598 CHAO
ESTRUTURA 123 1 2400 670 0 212.598 CHAO
ESTRUTURA 124 1 2500 670 0 212.598 CHAO
ESTRUTURA 125 1 2600 670 0 212.598 CHAO
ESTRUTURA 126 1 2700 670 0 212.598 CHAO
ESTRUTURA 127 1 2800 670 0 212.598 CHAO
ESTRUTURA 128 1 2900 670 0 212.598 CHAO
ESTRUTURA 129 1 3000 670 0 212.598 CHAO
ESTRUTURA 130 1 3100 670 0 212.598 CHAO
ESTRUTURA 131 1 3200 670 0 212.598 CHAO
ESTRUTURA 132 1 3300 670 0 212.598 CHAO
ESTRUTURA 133 1 3400 670 0 212.598 CHAO
ESTRUTURA 134 1 3500 670 0 212.598 CHAO
ESTRUTURA 135 1 3600 670 0 212.598 CHAO
ESTRUTURA 136 1 3700 670 0 212.598 CHAO
ESTRUTURA 137 1 3800 670 0 212.598 CHAO
ESTRUTURA 138 1 3900 670 0 212.598 CHAO
ESTRUTURA 139 1 4000 670 0 212.598 CHAO
ESTRUTURA 140 1 4100 670 0 212.598 CHAO
ESTRUTURA 141 1 4200 670 0 212.598 CHAO
ESTRUTURA 142 1 4300 670 0 212.598 CHAO
ESTRUTURA 143 1 4400 670 0 212.598 CHAO
ESTRUTURA 144 1 4500 670 0 212.598 CHAO
ESTRUTURA 145 1 4600 670 0 212.598 CHAO
ESTRUTURA 146 1 4700 670 0 212.598 CHAO
ESTRUTURA 147 1 4800 670 0 212.598 CHAO
ESTRUTURA 148 1 4900 670 0 212.598 CHAO
ESTRUTURA 149 1 5000 670 0 212.598 CHAO
ESTRUTURA 150 1 5100 670 0 212.598 CHAO
ESTRUTURA 151 1 5200 670 0 212.598 CHAO
ESTRUTURA 152 1 5300 670 0 212.598 CHAO
ESTRUTURA 153 1 5400 670 0 212.598 CHAO
ESTRUTURA 154 1 5500 670 0 212.598 CHAO
ESTRUTURA 155 1 5600 670 0 212.598 CHAO
ESTRUTURA 156 1 5700 670 0 212.598 CHAO
ESTRUTURA 157 1 5800 670 0 212.598 CHAO
ESTRUTURA 158 1 5900 670 0 212.598 CHAO
ESTRUTURA 159 1 6000 670 0 212.598 CHAO
ESTRUTURA 160 1 6100 670 0 212.598 CHAO
ESTRUTURA 161 1 6200 670 0 212.598 CHAO
ESTRUTURA 162 1 6300 670 0 212.598 CHAO
ESTRUTURA 163 1 6400 670 0 212.598 CHAO
ESTRUTURA 164 1 6500 670 0 212.598 CHAO
ESTRUTURA 165 1 6600 670 0 212.598 CHAO
ESTRUTURA 166 1 6700 670 0 212.598 CHAO
ESTRUTURA 167 1 6800 670 0 212.598 CHAO
ESTRUTURA 168 1 6900 670 0 212.598 CHAO
ESTRUTURA 169 1 7000 670 0 212.598 CHAO
ESTRUTURA 170 1 7100 670 0 212.598 CHAO
ESTRUTURA 171 1 7200 670 0 212.598 CHAO
ESTRUTURA 172 1 7300 670 0 212.598 CHAO
ESTRUTURA 173 1 7400 670 0 212.598 CHAO
ESTRUTURA 174 1 7500 670 0 212.598 CHAO
ESTRUTURA 175 1 7600 670 0 212.598 CHAO
ESTRUTURA 176 1 7700 670 0 212.598 CHAO
ESTRUTURA 177 1 -400 340 0 212.598 PAREDE
ESTRUTURA 178 1 7500 340 0 212.598 PAREDE
ESTRUTURA 179 1 -500 340 0 212.598 PAREDE
ESTRUTURA 180 1 7600 340 0 212.598 PAREDE
ESTRUTURA 181 1 -600 340 0 212.598 PAREDE
ESTRUTURA 182 1 7700 340 0 212.598 PAREDE
CACHORRO 84 0 2196 593.2 -4 186.998 -2 2 2 -1
CACHORRO 85 0 2750 574 0 176.598 -2 2 5 -1
CACHORRO 86 0 3000 542 0 172.999 -2 2 10 -1
ESQUELETO 87 1 3610.6 492 -3 0.2 5 2 10 0 
ESQUELETO 88 1 5505.6 545.4 0 0.2 10 2 4 1 
ESQUELETO 89 1 6005.6 527.6 0 0.2 15 2 6 2 
ESQUELETO 90 1 5505.6 518.7 0 0.2 15 2 7 2 
ESQUELETO 91 1 6250 500.9 0 0.2 20 2 9 3 
ESPINHO 191 1 4000 590 0 212.598 1
ESPINHO 192 1 4200 574 0 212.598 1.2
ESPINHO 193 1 4400 558 0 212.598 1.4
ESPINHO 194 1 4600 590 0 212.598 1
ESPINHO 195 1 4800 574 0 212.598 1.2
ESPINHO 196 1 5000 558 0 212.598 1.4
PLATAFORMA 197 1 900 440.7 0 -8.29999 -4 800 300 0
PLATAFORMA 198 1 1200 681.5 0 11.1 4 800 300 0
PLATAFORMA 199 1 1500 689.7 0 15.7 -4 800 300 0
JOGADOR 1 1 3300.8 343.8 -3.6 0.599997 45 0 0 1
PROJETIL 200 0 2367 632.8 -35 200.398 84
PROJETIL 201 0 2123 632.8 -35 188.198 84
PROJETIL 202 0 2205.6 630.6 35 187.598 0
PROJETIL 203 0 2561.6 648.2 35 184.998 0
PROJETIL 204 0 2567.2 648.2 35 182.398 0
PROJETIL 205 0 2726.2 598.8 35 179.998 0
PROJETIL 206 0 3008.2 558.6 35 177.598 0
PROJETIL 207 0 3780.2 653.8 35 175.198 0
PROJETIL 208 0 3858.2 648.6 35 172.599 0
PROJETIL 209 0 5051.6 581 -35 92.9997 87
PROJETIL 210 0 4869.6 581.2 -35 83.1999 87
PROJETIL 211 0 4687.6 581.6 -35 73.4 87
PROJETIL 212 0 4610.6 581 -35 63.6002 87
PROJETIL 213 0 4463.6 581 -35 53.8001 87
PROJETIL 214 0 4281.6 581.2 -35 44.0001 87
PROJETIL 215 0 4099.6 581.6 -35 34.2001 87
PROJETIL 216 0 4058.6 581 -35 26.8 87
PROJETIL 217 0 3596.6 590 -35 17 87
PROJETIL 218 0 2889.6 646 -35 7.2 87
